45 44
Albany
Atlanta
BaltimoreWashington
Boise
Boston
BuffaloRochester
Charlotte
Chicago
CincinnatiDayton
Columbus
DallasFtWorth
Denver
Detroit
GrandRapids
HarrisburgScranton
HartfordSpringfield
Houston
Indianapolis
Jacksonville
LasVegas
LosAngeles
Louisville
MiamiFtLauderdale
Nashville
NewOrleansMobile
NewYork
NorthernNewEngland
Orlando
Philadelphia
PhoenixTucson
Pittsburgh
Portland
RaleighGreensboro
RichmondNorfolk
Roanoke
Sacramento
SanDiego
SanFrancisco
Seattle
SouthCarolina
Spokane
StLouis
Syracuse
Tampa
WestTexNewMexico
43 27 1.0246052560043906
43 18 1.0248109466301345
22 27 1.024955056070574
32 6 1.195550458383358
20 36 1.298860872808028
39 18 1.3206373017661444
28 25 1.4164750818476795
40 38 1.4937139598448075
37 35 1.507740387456078
38 31 1.513782670314616
27 1 1.5789664991231493
34 33 1.6090812514673083
42 0 1.6329920452759874
15 25 1.7191667664568153
39 6 1.720145105776075
33 32 1.7513128126696211
13 12 1.845857509485072
38 3 1.8646642117175694
9 12 1.924082149198416
39 24 1.9329126847930782
2 15 1.9744848129650638
44 19 2.0444807466923156
10 16 2.0513765103974446
15 14 2.1021028393916175
4 15 2.319008294442518
27 23 2.4667394119613637
7 6 2.9171138212010717
9 34 3.194126568650145
21 23 3.237063360381957
17 8 3.3409432890531776
20 33 3.3582366045805627
9 8 3.4555471906659827
4 26 3.547566026560558
19 16 3.6730250072256396
35 6 3.7187933892542917
2 6 3.7481768102277875
21 11 3.8625278589025283
42 5 3.992132924485723
0 26 4.186740531531204
38 33 4.588546519827673
19 33 5.138417618278571
30 6 6.0344873749454555
41 6 6.97975813151768
7 29 12.295424797696146
